16 0.15988779431519395
13 0.18816792191152087
13 0.42790505433335424
16 0.1269304371678849
14 0.321055313412803
18 0.3058693230692241
14 0.4806516064316847
18 0.36668016311947593
14 0.3753336047486401
13 0.19280334164036106
13 0.24132113172205064
14 0.46001619624354384
13 0.4872813854518159
16 0.3831103167261667
13 0.25566919570025065
13 0.2780745867920249
18 0.3121406455749497
14 0.4415968912530176
14 0.2813988981265921
18 0.43028330235334666
14 0.11091275390792577
13 0.3815407090790365
11 1.0
11 1.0
20 1.0
11 1.0
14 1.0
11 1.0
13 0.12594889882626045
13 0.10253002131398947
13 0.42957715298204113
14 0.3031648758272151
14 0.17599958597962073
16 0.21484068676188506
18 0.28007258960518355
13 0.14503143410090533
13 0.2311017695792769
18 0.18432431821451734
13 0.25180291020443313
16 0.4145481726383652
16 0.47116567619588756
14 0.410843514635996
13 0.30155287189815694
16 0.2809448799518698
16 0.48503587468109444
14 0.1479238738000541
16 0.4945189619213103
14 0.12803739276457904
16 0.25376402935250597
14 0.2588553096944747
16 0.4585452580533763
16 0.18402453526639428
13 0.30312908805195665
18 0.2365095453853614
16 0.3459736182751459
20 1.0
13 1.0
11 1.0
20 1.0
14 1.0
11 1.0
14 1.0
20 1.0
13 0.4995558277954042
18 0.20726021142255613
13 0.49597041470428205
18 0.16869574114260377
13 0.46020615209506943
16 0.12475389845366842
18 0.16188954390099713
18 0.2364048056081449
14 0.18670353907877388
14 0.3708659437334998
18 0.22413539402841534
13 0.21209270378060774
14 0.39110755655584006
13 0.19548894306931947
14 0.27430464017735107
13 0.33521924992526875
18 0.4700615942195555
13 0.24995354346784118
16 0.11924247282619743
13 0.30159306017094656
13 0.2930790179009089
18 0.42946430006336966
14 0.1817371023124045
14 0.3091360148376677
16 0.45273807460382964
14 0.30772871631736654
13 0.36220066215667135
14 0.24780982080483135
13 0.3525339672538065
18 0.36085141185361114
16 0.10980930567269304
14 3.0
21 3.0
18 3.0
11 3.0
13 1.0
11 1.0
14 1.0
14 1.0
13 1.0
20 1.0
14 1.0
13 1.0
11 1.0
11 1.0
13 1.0
14 1.0
14 1.0
14 1.0
13 1.0
20 1.0
14 1.0
13 1.0
14 1.0
20 1.0
18 0.36624631129711704
13 0.24285561326099625
16 0.16054038918929497
18 0.20028991235164229
18 0.1882938791499379
14 0.3026359874092954
16 0.3426091908245914
14 0.25236872635877894
13 0.10491765955658905
18 0.1647791411487547
16 0.1637107356901445
14 0.3272946161311867
14 0.19207409930296385
18 0.3119598245999338
13 0.2644521493154526
18 0.1763837066631583
14 0.482292324500217
18 0.16230578898096143
18 0.3769164251128315
16 0.4055454230451855
14 0.4293027637389417
16 0.11300759139829185
8 3.0
9 3.0
6 3.0
11 3.0
