12 0.1441441602682696
12 0.2587351947156812
12 0.20401560114638714
15 0.10004896517338922
15 0.21991063916443676
15 0.28164632780668075
7 0.43682919885978344
15 0.41363778556780273
7 0.4406809716462944
7 0.47391670270758535
12 0.34945583897822663
12 0.18467892900689287
10 0.14510088402280552
15 0.20377654382081367
12 0.33113089893781444
15 0.24078740906876597
15 0.465424526177328
15 0.44433130643052177
12 0.36893763369139787
12 0.4718732911739766
15 0.36130328521931754
12 0.3765170437654395
7 0.18327925596374453
7 0.37382724976962745
7 0.30346563556513173
12 0.33737785662281516
7 0.36666416150438474
10 0.39923096677311953
4 1.0
0 1.0
5 1.0
0 1.0
9 1.0
9 1.0
15 0.2905651607409325
15 0.32094960116092863
12 0.489316691605569
15 0.4027065087454528
7 0.2377628883388689
10 0.4497685084164814
12 0.25449501378844785
7 0.2923500793927799
10 0.1575801725016094
10 0.46911575639608327
12 0.43133335563562625
10 0.48328232296594564
12 0.4334105170724485
10 0.24973153327109077
7 0.4351510934141297
12 0.4133293997899483
12 0.2288986837808317
7 0.19560254004368144
10 0.31098456209077346
12 0.16193464651330203
15 0.22545396221108233
15 0.16550112632497027
15 0.23624302694802318
10 0.23677372468947788
12 0.22035374192504686
7 0.4971409343734242
10 0.3030533838967595
15 0.14611955954794295
15 0.1652803905829674
0 1.0
0 1.0
4 1.0
4 1.0
0 1.0
9 1.0
12 0.24921211004556354
12 0.4245686048864914
7 0.31385473447790846
12 0.47627509631763354
12 0.1352704931991022
15 0.15615744040703228
15 0.48099396645325465
10 0.17497433550440844
12 0.4458465250481821
15 0.3269579478999852
12 0.3479192709704784
15 0.1433761507287229
10 0.22138613963156076
7 0.3361822050227002
10 0.24515852359173504
15 0.1597827269004343
7 0.2754693291399585
15 0.3255664092013423
12 0.31447841403962506
15 0.3450657142520262
10 0.2511742748316509
15 0.3014312128091431
12 0.2410986296914686
7 0.4203432231683061
12 0.38792332659728246
7 0.46968395769995286
10 0.38153953135199803
10 0.12671270721183367
5 3.0
11 3.0
5 3.0
4 3.0
5 1.0
0 1.0
9 1.0
5 1.0
0 1.0
9 1.0
5 1.0
9 1.0
9 1.0
0 1.0
5 1.0
4 1.0
9 1.0
9 1.0
0 1.0
9 1.0
9 1.0
9 1.0
0 1.0
12 0.3154215558664318
10 0.324944105527293
12 0.4290933369628085
7 0.2125241477070969
12 0.26866508650677934
12 0.27132308668776656
12 0.43703391970664696
12 0.4218051216002826
10 0.307490861968003
7 0.4467148920855252
12 0.16586890379718855
10 0.30568713005806625
12 0.15312267354680276
12 0.44339325800542784
15 0.17637108059108467
10 0.11620641730740174
10 0.36101052682447565
10 0.42356583628565947
15 0.4282343166374558
12 0.4352863142464737
7 0.3188613294375423
12 0.36138669504202714
10 0.22275556974864333
15 0.41322996226997355
10 0.46902795003293585
7 0.18763647702961037
12 0.23390637408549134
12 0.4617441212156924
10 0.2248795718249187
12 0.16524531234477863
10 0.21758325659980338
10 0.46813730295293976
7 0.1125876817797181
12 0.28208661584543404
17 2.0
8 2.0
13 2.0
15 2.0
