17 1.0
14 1.0
17 1.0
14 1.0
15 1.0
17 1.0
11 0.1939256376618427
11 0.3534135982834239
7 0.425182064219509
7 0.3518858983652252
14 0.3186832134638815
7 0.2571519310376209
11 0.31588444913941494
11 0.48617966605645135
11 0.12229139936646752
14 0.3009785009359285
7 0.18547165207768163
11 0.14546645638026146
14 0.2264255247367856
6 0.12915388334312672
11 0.18421860868189197
6 0.4568415404146615
6 0.40918246695108174
11 0.4579996458039889
11 0.3845387933556459
6 0.2006763000882057
11 0.26283231165064114
6 0.19426705121806898
11 0.15424592890996647
11 0.40980164984767764
14 0.39926259822621524
7 0.4761913557932085
11 0.16394801616194354
11 0.22694538718383886
14 0.4656296908898281
14 0.11239679975892636
11 0.3040587776341507
11 2.0
9 2.0
6 2.0
9 2.0
