17 1.0
22 1.0
22 1.0
10 1.0
10 1.0
17 1.0
6 0.10068976246554953
4 0.28154987712124996
9 0.4027081377455216
14 0.47332247354885104
9 0.24963750453456213
9 0.483073309224587
9 0.2526287819039006
14 0.2085012333666325
6 0.16146401853721712
6 0.36389905163423863
9 0.25142043252980006
14 0.2628050634194745
14 0.30363668333362726
9 0.45760516828361364
4 0.24039464641537542
4 0.1165732737377717
14 0.4759918466219223
9 0.13502858098108705
6 0.39637397981456923
4 0.29257975166432715
14 0.30695017425574245
9 0.38600639930308966
6 0.3732469250606161
14 0.2969138571775092
6 0.3243803971345267
6 0.20265812996480248
14 0.40336980272176826
4 0.3233056556241991
6 0.25583807863656777
6 0.323940021268325
6 0.18022078914078526
4 0.21586325793476246
14 0.17689691732448992
6 0.3850971082809206
14 0.4114010048795137
14 0.2260542312313384
14 0.34308836226188816
7 3.0
9 3.0
12 3.0
16 3.0
