6 0.3096938283257186 2
16 0.40276375153090255 2
12 0.5106992124773152 2
6 0.41979732068567127 2
7 0.375872967731462 2
7 0.3921847061614305 2
6 0.7427646280229907 2
16 0.45365562572348483 2
12 0.4607150631317309 2
6 0.7978550699468807 2
7 0.5471254588646457 2
12 0.5122298815572146 2
7 0.5801477459342935 2
6 0.7123949337185365 2
6 0.503494941394788 2
12 0.6857566724820372 2
16 0.7746744990114403 2
16 0.4754888317446212 2
16 0.6271478965223076 2
7 0.7917724290115582 2
6 0.5997361142622379 2
6 0.6434692084010638 2
6 0.4126052211437557 2
7 0.6920172927662225 2
7 0.7032149447947451 2
6 0.783309651851783 2
16 0.5904537303125252 2
12 0.4665976827465352 2
16 0.5552941263020058 2
12 0.4001611297142956 2
12 0.46381458223955774 2
16 0.49412353047296187 2
6 0.504093644230753 2
12 0.6688939128492352 2
16 0.4374121584513002 2
12 0.6642570794498287 2
7 0.5780881653755147 2
12 0.44684238223888284 2
16 0.310518213500244 2
5 1.0 1
8 1.0 1
3 1.0 1
3 1.0 1
6 1.0 1
8 1.0 1
3 1.0 1
3 1.0 1
5 1.0 1
12 0.4333972919435159 2
12 0.41065449759269246 2
12 0.6187083047979133 2
6 0.40622870792819055 2
16 0.33442602009274097 2
6 0.5563143056093637 2
12 0.6133092931803107 2
6 0.4259605797692886 2
6 0.7891124633177394 2
16 0.583423465044277 2
12 0.4159838773546966 2
7 0.39485612347622573 2
7 0.5488672868921803 2
16 0.5579409739579775 2
12 0.6647555686550577 2
16 0.5580884589835324 2
16 0.618670188783095 2
12 0.4405058146273133 2
6 0.3411107054446077 2
7 0.374730675070203 2
6 0.5476035521876615 2
6 0.704151695489877 2
7 0.7871580469818845 2
16 0.47503593053392973 2
16 0.7708318208091669 2
7 0.7874098103907121 2
12 0.34858345796592805 2
16 0.5489475320562223 2
12 0.45085168999974984 2
12 0.4824297883417603 2
16 0.3951006119318007 2
16 0.6703317845628567 2
7 0.3507853008187433 2
7 0.31334031114881894 2
7 0.42624653925509215 2
6 0.5636939088163955 2
6 0.7239832610733095 2
3 1.0 1
8 1.0 1
3 1.0 1
6 1.0 1
6 1.0 1
6 0.7022073968166672 2
12 0.5220692178392787 2
12 0.7315243410319119 2
6 0.5946090972848364 2
6 0.37781272714080266 2
6 0.6374039674335222 2
12 0.4138179008139677 2
6 0.49531185269920225 2
6 0.32877379440575044 2
12 0.3678595544796757 2
12 0.7143284799806126 2
6 0.7662874052743358 2
6 0.47174916867849176 2
6 0.7186668402623557 2
12 0.3304707008900096 2
12 0.37946337723592805 2
6 0.501962017181961 2
16 0.6850703903624507 2
6 0.5255951849805279 2
7 0.5015334289668542 2
6 0.39989791914172185 2
12 0.45375131518428563 2
7 0.5822900272298852 2
16 0.3237120168264741 2
6 0.4424396121798434 2
16 0.500526209581431 2
7 0.6358933462172727 2
12 0.4480772969919822 2
12 0.5798832090467321 2
12 0.5095343308820798 2
12 0.41157323827765185 2
12 0.7815065736226422 2
12 0.6410738630448785 2
6 0.4644508615088297 2
13 3.0 3
1 3.0 3
5 3.0 3
10 3.0 3
8 1.0 1
8 1.0 1
8 1.0 1
5 1.0 1
5 1.0 1
3 1.0 1
8 1.0 1
8 1.0 1
5 1.0 1
5 1.0 1
3 1.0 1
8 1.0 1
6 1.0 1
5 1.0 1
5 1.0 1
6 1.0 1
3 1.0 1
5 1.0 1
6 1.0 1
8 1.0 1
12 0.4503377869533706 2
6 0.5633372575554123 2
12 0.30285757413210557 2
16 0.6000812321102652 2
6 0.3904932851242005 2
7 0.7854543406279364 2
16 0.5448946053545638 2
6 0.6341389508891957 2
16 0.706504883382751 2
7 0.3927852912525006 2
16 0.5887213569222691 2
6 0.770738520730362 2
16 0.5587958049932056 2
16 0.35741047324207026 2
7 0.5157093495921158 2
16 0.445310617018936 2
16 0.5304575036766125 2
16 0.6283577285624142 2
6 0.5785347185290652 2
16 0.4682769835768149 2
6 0.7997964632853325 2
16 0.6238298539362255 2
6 0.623370093367809 2
12 0.3307048173882072 2
16 0.5775915116531658 2
16 0.6278207797249031 2
6 0.6617418555802101 2
12 0.6101631888428829 2
12 0.5094645243314526 2
6 0.6251027426039273 2
16 0.3784435758601039 2
6 0.7357327728576113 2
12 0.7141666159547494 2
11 2.0 3
4 2.0 3
11 2.0 3
12 2.0 3
